1pyg.Rect(141, 193,0,0),
2pyg.Rect(141, 233,0,0),
3pyg.Rect(140, 280,0,0),
4pyg.Rect(143, 325,0,0),
5pyg.Rect(142, 374,0,0),
6pyg.Rect(142, 428,0,0),
7pyg.Rect(139, 480,0,0),
8pyg.Rect(148, 525,0,0),
9pyg.Rect(182, 576,0,0),
10pyg.Rect(236, 620,0,0),
11pyg.Rect(295, 647,0,0),
12pyg.Rect(357, 667,0,0),
13pyg.Rect(423, 680,0,0),
14pyg.Rect(500, 680,0,0),
15pyg.Rect(579, 671,0,0),
16pyg.Rect(645, 655,0,0),
17pyg.Rect(701, 629,0,0),
18pyg.Rect(766, 585,0,0),
19pyg.Rect(804, 516,0,0),
20pyg.Rect(812, 459,0,0),
21pyg.Rect(812, 415,0,0),
22pyg.Rect(812, 372,0,0),
23pyg.Rect(810, 322,0,0),
24pyg.Rect(810, 273,0,0),
25pyg.Rect(809, 228,0,0),
26pyg.Rect(810, 182,0,0),
27pyg.Rect(783, 137,0,0),
28pyg.Rect(742, 98,0,0),
29pyg.Rect(691, 69,0,0),
30pyg.Rect(631, 52,0,0),
31pyg.Rect(562, 40,0,0),
32pyg.Rect(484, 41,0,0),
33pyg.Rect(415, 55,0,0),
34pyg.Rect(356, 76,0,0),
35pyg.Rect(309, 106,0,0),
36pyg.Rect(272, 148,0,0),
37pyg.Rect(253, 192,0,0),
38pyg.Rect(249, 233,0,0),
39pyg.Rect(248, 282,0,0),
40pyg.Rect(252, 328,0,0),
41pyg.Rect(251, 376,0,0),
42pyg.Rect(253, 425,0,0),
43pyg.Rect(248, 481,0,0),
44pyg.Rect(269, 526,0,0),
45pyg.Rect(320, 569,0,0),
46pyg.Rect(388, 596,0,0),
47pyg.Rect(454, 607,0,0),
48pyg.Rect(518, 605,0,0),
49pyg.Rect(580, 594,0,0),
50pyg.Rect(650, 560,0,0),
51pyg.Rect(699, 513,0,0),
52pyg.Rect(703, 447,0,0),
53pyg.Rect(702, 379,0,0),
54pyg.Rect(703, 324,0,0),
55pyg.Rect(701, 275,0,0),
56pyg.Rect(700, 230,0,0),
57pyg.Rect(691, 184,0,0),
58pyg.Rect(627, 139,0,0),
59pyg.Rect(529, 119,0,0),
60pyg.Rect(454, 131,0,0),
61pyg.Rect(404, 156,0,0),
62pyg.Rect(371, 193,0,0),
